# Created by OpenMCL Version 1.1-pre-060125 (DarwinPPC32), NIL <leigh@unspecified>
# name: VARIABLE
# type: matrix
# rows: 35
# columns: 1
1.0
1.0
1.0
1.8888888
2.7777777
1.0
1.0
1.8888888
1.8888888
1.8888888
2.7777777
1.8888888
3.6666667
3.6666667
2.7777777
3.2222223
1.8888888
2.7777777
5.0
2.7777777
3.2222223
1.8888888
2.7777777
3.2222223
1.8888888
3.2222223
3.6666667
2.7777777
3.6666667
2.7777777
2.7777777
3.6666667
4.111111
4.5555553
4.111111
