# Created by OpenMCL Version 1.1-pre-060125 (DarwinPPC32), NIL <leigh@unspecified>
# name: VARIABLE
# type: matrix
# rows: 35
# columns: 1
1.4318824
1.0
1.0
1.5675522
2.5602036
1.0
1.0
2.0378747
1.5675522
1.9270772
2.41775
2.1373658
3.1006217
3.0553982
2.9649518
3.0395703
1.4951949
2.5602036
5.0
2.062747
3.4714525
1.4951949
2.062747
4.014132
2.5692482
2.9106836
2.985302
2.8496323
3.555116
2.5330694
2.9649518
3.4556246
4.3940077
3.9508193
4.3940077
