# Created by OpenMCL Version 1.1-pre-060125 (DarwinPPC32), NIL <leigh@unspecified>
# name: VARIABLE
# type: matrix
# rows: 35
# columns: 1
1.56
1.8
1.88
2.04
2.04
2.08
2.12
2.2
2.44
2.56
2.56
2.56
2.6
2.6
2.64
2.68
2.72
2.76
2.84
2.88
2.88
3.0
3.0
3.04
3.04
3.04
3.08
3.08
3.08
3.16
3.24
3.28
3.52
3.6
3.6
