# Created by SBCL 0.9.9, NIL <leigh@NIL>
# name: VARIABLE
# type: matrix
# rows: 35
# columns: 1
1.9931662
2.120729
1.0
1.0
1.0
1.0
1.0
1.0
2.120729
2.7312071
2.2118452
2.7767656
1.7380409
2.7312074
2.7312071
3.5330298
2.85877
1.9931664
4.006834
2.85877
4.526196
1.7380409
1.7380409
4.7813215
4.8906612
4.5990887
2.2118452
3.2050114
3.9886107
1.7380409
2.7312071
2.2118452
5.0
2.9498858
5.0
